1.106238044395998710e+00
9.077049988482176479e-01
1.223949486033093947e+00
1.484022618443633812e+00
7.600801421251923706e-01
3.348578667381136853e-01
1.125478248261008396e+00
2.536774851481936377e+00
2.671601308416494458e+00
1.231957809927812120e+00
1.230208292295684513e+00
7.783813430160558822e-01
1.500636631493265982e+00
6.100330462052558911e-01
2.024134002396644483e-01
6.749267129188796233e-01
7.794215120054945878e-01
2.450835817658289617e+00
2.676572943107168867e-01
1.764425503846588361e+00
1.214879442100110563e+00
1.719137467140066988e+00
1.109568421059728749e+00
2.657536356021219959e+00
6.451842433944736666e-01
2.437410836687066595e+00
1.120843985406706933e+00
3.141397275213236640e+00
2.091628990211603867e+00
2.762401970121023620e+00
1.301665610568061071e+00
1.929064723630575351e+00
-6.150229820222822275e-01
-1.626361853884474573e-01
5.366010192119936156e-02
5.827784680466009393e-01
1.654046745145306696e+00
4.232213701921985205e-01
1.917891141539181943e+00
-2.073624010030827164e-02
3.028067236191009481e+00
1.483725993849862146e+00
5.182290128051412204e-01
1.554024683150149189e+00
5.177478927878256254e-01
1.347328727542140392e+00
6.765340968214338391e-01
1.134874914566377013e+00
1.509607130640576500e+00
1.034448056384404069e+00
2.235602030835520893e+00
1.152625296657722176e+00
2.149142753019111396e+00
2.054736169741605833e-01
1.058329494945793731e-01
9.845435103232372809e-01
3.202540011726477509e+00
1.068797622351351340e+00
-1.560762014872632553e-02
1.535251239680103241e+00
2.205816618146728914e+00
1.263507575892824697e+00
5.878767205058127443e-01
1.132879067874204226e+00
8.556653932414675090e-01
3.961050993348447236e-01
1.440645660605364586e+00
1.646174683683226725e+00
1.131658658598619693e+00
1.561215783311228567e+00
2.145471472155973558e+00
3.873470256806241352e+00
2.027979969452661457e+00
1.387788333644422778e+00
1.689388592482535367e+00
1.073148010235960292e+00
-7.089383653840715394e-02
2.456018646663104210e+00
2.142723978719839106e+00
2.796863292335970641e+00
9.678801001846395469e-01
-3.433944271935398529e-01
9.326568266139887431e-01
3.581594730114326719e+00
-2.223583839654974803e-01
2.742481796733708954e+00
2.414482189739680873e+00
1.131711481923459495e+00
1.342048367899478345e+00
1.275158939984637474e+00
1.169580092485603018e+00
6.775340178891861020e-01
-4.780293065615375259e-01
-3.848237672363068462e-01
9.308344067253512266e-01
4.699428066352063227e-01
4.274498525812876482e-01
2.826166147928860894e+00
2.308158782330702152e+00
1.146664831540747720e+00
1.984269686833972202e+00
-2.906945065411660201e-01
1.435679451861707756e+00
1.591053463039040494e+00
1.124298788777764457e+00
9.206103816101515736e-02
1.758756839166702168e-01
-1.238890599813456811e-01
2.645835297630106719e+00
1.677919635681991206e+00
-1.546568720282536502e-01
1.417322285568445750e+00
1.159372330805978679e+00
1.594848072601732003e+00
-6.423552958164795434e-01
2.734906024802043145e+00
1.112771074873585286e+00
8.715742819507578121e-01
-5.189941494320038373e-02
9.543087868143675934e-01
1.536881804661427875e+00
2.260929043515123915e+00
1.133556115156196586e+00
1.717958228005121324e+00
6.024919690470511568e-01
2.119388392793891462e+00
1.563900651752593074e+00
1.404994535530643240e+00
7.797082843218875459e-01
1.308558315991629861e+00
8.717947870504123842e-02
1.816434097307641826e+00
2.940916694649718388e-01
1.162395348591410249e+00
6.027193875993146488e-01
-5.160770932025244839e-01
1.310368615628175304e+00
1.135642028256683478e+00
1.791998425593407829e+00
2.438846336547879634e+00
2.876068442282397442e+00
-3.231369108979519761e-02
2.500348102619115220e+00
1.358798769379914395e+00
9.185294830541568256e-01
2.174682416244662631e-01
9.321593076974655778e-01
7.392538861660634675e-01
3.238784494901322253e-01
3.764947859915576345e+00
1.902547299229906841e+00
1.238250595966407630e+00
6.241062610174069603e-01
1.373766813519027741e+00
1.880260136511700209e+00
8.675294889327491710e-01
1.989213045276798875e+00
1.407109885000421778e+00
3.190799380549000919e+00
2.919661075332330658e+00
1.156787497514817353e+00
2.054362387584117045e+00
2.549890531889740686e+00
-9.767557740921571918e-01
1.135518361346269600e+00
9.932730195910176585e-01
1.409682616454895232e+00
8.590232724869804048e-01
2.076712615096051984e+00
1.568819365272639543e-01
4.315190116721788760e-01
9.278843827734373217e-01
1.560886798208680482e+00
-1.295688632815926056e+00
1.549346660391038411e+00
2.735334573517575141e+00
1.037998686094483647e+00
1.332850299325879888e-02
5.817401405805939785e-01
1.484129004535507779e+00
2.446438263684896697e+00
3.382771086966931851e+00
4.110389643295859763e-01
9.578628145263802518e-02
2.031895311978705099e+00
8.893832985958248782e-01
9.816813291212262982e-01
2.696451390144095850e+00
1.480203799012311361e+00
1.184264209544372282e+00
1.142835053196022299e+00
1.999851518504845105e+00
3.378262110461029533e+00
3.418220293725209719e-02
1.151716216268405368e+00
1.980879382246526044e+00
7.299389127987583326e-01
2.518285968500845809e-02
7.978757318635891771e-01
1.914589124134157938e+00
1.933692957039225613e+00
-2.025777320390977354e-01
1.725874976175892694e+00
3.912388327889166351e-01
2.555034633082637008e+00
2.996306577479151745e+00
-7.848451505639590653e-02
1.859310508183634969e+00
8.142911934097778470e-01
1.473654626752550767e+00
1.431555950543694333e+00
2.606101653951946595e+00
3.206688749171589858e+00
2.394677532054410474e+00
1.042260118323033780e+00
3.430895313387226087e-01
1.445246511181660143e+00
3.129597792924331268e-01
2.423437782019447262e+00
-9.763645946565424616e-01
1.791424918008999390e+00
5.263931774084171233e-02
5.582727425520348508e-01
9.115971591925960960e-01
3.259842307896637426e+00
3.878265071950014242e+00
6.347162879902009669e-01
2.276685184898233683e+00
5.468762176971869726e-01
8.593531222536121561e-01
-2.163867172497988267e-01
-8.693646101407082050e-01
3.077303258607111847e+00
9.767997248469606486e-01
1.886178841758940905e+00
1.290063953462210755e-01
7.469693383733280179e-01
9.787192343021351437e-01
3.810248694229321220e-01
3.188772835353363089e+00
9.311724723361565204e-01
2.019524381593163387e+00
1.587323621406310448e+00
3.963700590887555553e-01
3.026301410502151512e+00
7.069067922431444551e-01
5.160258492542980635e-01
2.011218265621382173e+00
9.675459591739795639e-01
2.875775366410266098e+00
3.517318911835038420e-01
1.233888873155656762e+00
1.295848050401038343e+00
7.505536870076744416e-01
2.723520607427635021e+00
-3.001796253001188797e-01
1.203820513807269732e+00
1.335354781388186751e+00
7.288788606752822918e-01
4.108909545677535746e+00
2.662464643896371275e+00
2.211091377154557058e+00
1.835049996365195168e+00
-1.210044867733973822e-01
2.152549783593813437e+00
2.580688484048737408e+00
8.613809896995947568e-01
4.284653671680521692e-01
3.316159782426440494e-01
2.986101817979936790e+00
5.487914651930645427e-01
2.011371180513616685e-01
2.309582819545953125e+00
4.938635947290836437e-01
6.953103374243437646e-04
1.428774938768215819e+00
2.622010651418003047e+00
-4.303665904944578569e-02
2.392102765626378247e+00
2.961729954653700592e+00
3.772491916136315737e-01
1.365012582048547696e+00
3.692347744511951801e-01
-4.493271908938719639e-01
1.003996311844782774e+00
6.899811848223077471e-01
7.837096125803117985e-01
1.073731998656671349e+00
5.206487704278538464e-01
3.718534383535130466e-02
2.558918490276420599e-01
1.245684957024442596e+00
3.166157445165821649e+00
9.059643783099794456e-01
2.339169625145769427e+00
1.800951062195700336e+00
6.704861814278942900e-01
1.923944109482971010e+00
8.095245218953118771e-01
1.977098918212051970e+00
1.327293749006934531e+00
8.544084509556301166e-01
8.602545666333717422e-01
2.078965624700834791e+00
1.833930377461003403e+00
6.662042304137311133e-02
6.529111046327458201e-01
5.298447185221528688e-01
3.302430614268055731e+00
2.046319841108432236e+00
4.394810486896204016e-01
2.055464805760737868e+00
3.926547407496572273e-01
7.568863435328152534e-01
1.092897166253491870e+00
2.832380379805429893e+00
7.672292291642474060e-01
-5.116867141098984106e-01
1.056341882954153988e+00
8.239858843573859559e-01
6.244628518137523843e-01
-9.729411974832528898e-02
1.984305806704593556e+00
2.177256134763130735e+00
2.457215326094539520e+00
2.500138874951529200e+00
4.076582369821254992e-01
7.717444025423435550e-01
1.066831513078090321e+00
1.662903280787964677e+00
1.410755780337367371e+00
6.913571831821392344e-01
1.639737383409714866e+00
-3.173827682220403679e-01
1.861631337048790025e+00
6.817251835251180170e-01
2.818203387308357399e+00
6.916370649863159414e-01
2.878207531602472447e+00
7.748363386599762537e-01
2.750256751597581761e+00
8.238434693417258092e-01
2.179601012673247684e+00
1.996817983008700059e+00
3.294215457078317755e+00
2.346550209627701111e+00
1.015426984917861208e+00
2.928354283505176792e+00
1.375027782320006997e+00
2.484253320910377205e+00
2.740451405746791913e+00
1.273274181132854066e+00
1.571711398884130695e+00
-1.336006541595903818e-01
3.678351570879639265e+00
6.465200614194466233e-01
1.940009347421001840e+00
3.909150440949694105e-01
2.010289065206971315e-01
2.504939913342162150e+00
2.355329456082654094e+00
2.012542324515862013e+00
2.210279420272064588e+00
1.142712313321877948e+00
8.514527167954493159e-01
-2.516850685328907988e-01
1.250490205010882594e+00
1.226744308145545137e+00
1.025383102096806720e+00
1.703547113688758996e+00
2.458281780153456886e+00
2.154794701488929931e+00
6.690797916441689752e-01
-3.212380461922011848e-02
2.422776103098419620e-01
7.417571803729456903e-01
6.709241748011881556e-01
1.442048892294367279e+00
2.587792140899856985e+00
1.278292235965116541e+00
1.796145856315582767e+00
1.095463731846066796e-01
1.008472748452518664e+00
4.667335283371034649e-01
3.545012080498786133e+00
2.432467477056857064e+00
3.244082041161891361e+00
1.832349616630913669e+00
5.635196126716091047e-01
8.221662357939597543e-01
1.696658964110507650e+00
1.383503534323372142e+00
2.642193135548493998e+00
2.728706857803422370e+00
1.819108786617529283e+00
1.850105335711480503e-01
3.328725724299521183e+00
2.121460938189501544e+00
5.606947377762677709e-01
1.078882716070069359e+00
