-5.158398532262891134e-01
-6.592459886104690137e-01
-5.149671369692916389e-01
-5.916356913664118089e-01
-6.986594132759402775e-01
-5.734392052178303167e-01
-5.886369867069148887e-01
-6.164333852494212618e-01
-6.078860719240233301e-01
-5.365523611224851663e-01
-5.787144382385759345e-01
-6.434254361147263568e-01
-6.344891487783832495e-01
-6.983146107948889902e-01
-7.186681167305964957e-01
-5.690679165910652593e-01
-7.425004313773845288e-01
-5.594580479857150790e-01
-5.744265479957794129e-01
-6.152654408246555073e-01
-6.004705225845130556e-01
-6.037592417095160036e-01
-6.648781994872997592e-01
-6.433754886352792690e-01
-4.419190763900466279e-01
-5.539175522708957855e-01
-7.265171617917893787e-01
-6.464391800193849402e-01
-5.499841165508367880e-01
-6.660519210277024982e-01
-5.973561784678569353e-01
-5.362019925396708242e-01
-5.974801399721206829e-01
-7.107478014053439930e-01
-6.026009169666055598e-01
-5.757257250544807192e-01
-6.124503043863437357e-01
-6.016462818454355599e-01
-6.490002763885642789e-01
-5.593564127487411497e-01
-5.364937153107277590e-01
-5.664032470917306217e-01
-6.229002334362876425e-01
-4.977924036563497467e-01
-6.930566434554833455e-01
-6.907632893948467689e-01
-5.094358757731164422e-01
-5.636024732919068247e-01
-5.914271476011573325e-01
-5.544721551002742554e-01
-6.301488869769144019e-01
-6.133941199581175452e-01
-6.220327309383132386e-01
-6.008025817379899491e-01
-5.419447765406290030e-01
-6.555282815187529755e-01
-6.563826093167806075e-01
-6.007564429033447340e-01
-6.763688590857943606e-01
-6.074860274108141445e-01
-5.621611402779199684e-01
-7.043709958977963925e-01
-6.182328236516254627e-01
-4.947875070427960598e-01
-5.701972970659769935e-01
-6.548210667909587501e-01
-5.195406837028169189e-01
-4.320253822586395120e-01
-6.201734354509875757e-01
-7.260253937092855381e-01
-7.430957230018924164e-01
-6.789715219191911899e-01
-8.508202562789174417e-01
-6.563437711512022377e-01
-7.471872606986775800e-01
-6.372018864283148787e-01
-6.534244201819157105e-01
-5.849432496956125105e-01
-6.037093497707248790e-01
-5.464534390500137562e-01
-6.676843235743347149e-01
-6.726976595592670805e-01
-7.023265005066562372e-01
-5.328974746401058393e-01
-6.024425263112811457e-01
-4.205758598829620887e-01
-5.687043119936452396e-01
-5.540519643880131850e-01
-6.218795968095367499e-01
-5.261449317252410163e-01
-6.199986237849486326e-01
-5.585478704980137987e-01
-5.289322121521535802e-01
-5.055523979178137006e-01
-5.868655823204373956e-01
-6.725672694984341504e-01
-6.487887468696943438e-01
-8.889529066476677954e-01
-7.656878039166278294e-01
-8.171598932310787378e-01
-6.462684929778826914e-01
-7.831274313269153131e-01
-7.058723412667984309e-01
-6.489959825914762837e-01
-6.572360038395554938e-01
-6.098948911902845049e-01
-7.915731923335914688e-01
-5.010257960744387562e-01
-5.191600138355878524e-01
-5.644273311361739376e-01
-5.750927610055318606e-01
-6.849559135504567076e-01
-6.639376107690652118e-01
-5.767876202833063237e-01
-5.279161695184151348e-01
-6.067346828351196653e-01
-5.354820647517751775e-01
-5.461059492395596848e-01
-7.746228438059341581e-01
-6.610144327551570331e-01
-5.802688950737430185e-01
-6.000708379967966133e-01
-5.715539733672572176e-01
-5.254102601203354261e-01
-8.056239785726385660e-01
-6.005286049739670950e-01
-6.003631965557395533e-01
-5.839690205809725532e-01
-7.151192326280779721e-01
-6.517163991098864351e-01
-5.754813204348704359e-01
-6.121597480734811692e-01
-5.821689554088150809e-01
-6.186502097288292257e-01
-6.074428895778153370e-01
-5.622990517525837673e-01
-4.835728805913135919e-01
-5.339210880552764937e-01
-6.359984210888274259e-01
-4.818924515698726485e-01
-4.487836636583772409e-01
-4.594592119140378239e-01
-7.385004967018385935e-01
-5.835503886169495225e-01
-4.871385182508960465e-01
-4.292701127208139456e-01
-5.958964261910545401e-01
-4.575765201187839692e-01
-5.024642795379250515e-01
-5.550204228480948299e-01
-5.151276980138448369e-01
-6.314867804822478226e-01
-6.150836389355378575e-01
-5.785958922495085810e-01
-6.472770508365990327e-01
-5.046893365963274203e-01
-5.477934702927562682e-01
-4.451952922520648892e-01
-4.228993276957095926e-01
-4.647449079470103439e-01
-3.711824720604430250e-01
-5.524709287057122387e-01
-4.136442715580986862e-01
-6.145453577608822604e-01
-6.118796500331218358e-01
-6.994839552587918119e-01
-4.827030312739429840e-01
-8.234272878971575782e-01
-5.425852712820651291e-01
-5.487189623425432483e-01
-4.588870041051048010e-01
-5.750028699689666567e-01
-6.772966090192245048e-01
-3.357680170914494888e-01
-5.411715275601445274e-01
-4.336122813488997862e-01
-5.355757170743978834e-01
-6.283832990011456454e-01
-3.633406812559102916e-01
-2.705457128865482175e-01
-5.405310268067637924e-01
-4.704548094285490034e-01
-3.296111222142962816e-01
-2.696934120895962406e-01
-3.541431756325937319e-01
-2.248913343821527522e-01
-4.062730071858863812e-01
-1.951023753859786602e-01
-3.928646020263022454e-01
-3.984638697136649310e-01
-5.299153505464926361e-01
-5.446919812382043924e-01
-4.868518887857142818e-01
-6.214946514955435042e-01
-6.101791371729521352e-01
-5.261477198860929905e-01
-6.676606727071313641e-01
-5.900973100509714353e-01
-6.877558064586570818e-01
-5.574191327027295806e-01
-5.499386025996882976e-01
-5.146275495328088700e-01
-4.780994848251400864e-01
-3.746219962127143033e-01
-3.633340838081486335e-01
-3.330002866804903094e-01
-2.771138039511032991e-01
-2.315029452426549395e-01
-3.001445970699435639e-01
-2.724461270810220603e-01
-1.614905585176943936e-01
-1.346733482959545647e-01
-1.400423520143685152e-01
-1.682070447436832261e-01
-2.551177473744372648e-01
-1.329348258079866008e-01
-3.021407834941235993e-01
-6.229180247513483870e-01
-4.765294741299923587e-01
-4.917832707142414383e-01
-6.265262437160347142e-01
-7.413933046118773573e-01
-6.714654905592603029e-01
-6.206147785970095310e-01
-6.894618765546011163e-01
-6.168459130354799758e-01
-7.419070032561608796e-01
-6.218979484097204580e-01
-5.408315337263149836e-01
-4.575579183836602226e-01
-4.827686993086444667e-01
-3.950874637221679642e-01
-3.572655642427575162e-01
-3.616575851808990771e-01
-2.869178857288450790e-01
-3.900121439256065692e-01
-2.296420755951824599e-01
-2.491594411898318817e-01
-2.267937983309609717e-01
-2.524269179539738173e-01
-1.035361451838515828e-01
-1.743932545732989337e-01
-2.820509098335212128e-01
-3.603778581673459103e-01
-4.093641361304612980e-01
-4.365041039480299090e-01
-4.062761804580203306e-01
-5.636259433810563158e-01
-5.888847123496062652e-01
-6.262081899574629684e-01
-5.605892743393370292e-01
-5.897864066186659926e-01
-4.718629803897760322e-01
-5.663852947012709693e-01
-6.321039672859148917e-01
-5.011874843016106418e-01
-5.888400642190428913e-01
-3.800964715266254568e-01
-5.933042087836071232e-01
-3.776221959437309761e-01
-4.142618127029640274e-01
-3.118897177424157507e-01
-2.908199690028227535e-01
-1.947800824105798134e-01
-3.506713807057339483e-01
-3.244911691235404794e-01
-2.953172967838561536e-01
-2.198554656337998459e-01
-7.431399227119443729e-02
-2.283456642349728782e-01
-2.720409652867501471e-01
-2.049646358223469467e-01
-3.611863521457966963e-01
-4.890532795977926006e-01
-4.395912812229594291e-01
-4.886477006257485267e-01
-7.434630692514654360e-01
-6.318216375389397177e-01
-6.139239725929607205e-01
-4.428515521630677076e-01
-5.489809104679859164e-01
-6.545782286826878904e-01
-5.213574514486298828e-01
-5.947888526585538571e-01
-4.851272902419300759e-01
-5.249114182328548095e-01
-5.477724667115112522e-01
-3.845216201202021344e-01
-3.096369475879305888e-01
-2.253682439307772567e-01
-3.054794092458858468e-01
-2.983270300598604985e-01
-3.343380407120876696e-01
-4.021400834396929858e-01
-2.963948496242254094e-01
-1.150220073488602973e-01
-2.484539176899954183e-01
-3.182411654072376805e-01
-3.112350882990581602e-01
-3.643279377323391799e-01
-3.561103892820026706e-01
-3.617322754693552689e-01
-4.752776352373239144e-01
-6.173098315836785810e-01
-6.608785359169850881e-01
-6.983788805750579254e-01
-5.689624582614410953e-01
-6.005275069423071654e-01
-5.615523273880862476e-01
-5.386978838580573914e-01
-6.267621051371135010e-01
-6.763410354200684038e-01
-4.954491164414546178e-01
-5.555093543006126566e-01
-4.197790492662129558e-01
-4.695383494729691298e-01
-1.994861026361410272e-01
-2.243184920570868435e-01
-2.725020697957605265e-01
-4.311373911127736602e-01
-5.177874672196665085e-01
-4.479156261693102437e-01
-3.572725050795070301e-01
-3.209321459821597999e-01
-2.656282181215731675e-01
-2.530028086475835103e-01
-3.131249088868696129e-01
-3.562035458224386275e-01
-3.910247118547611200e-01
-4.729309362133066186e-01
-4.340352009908246544e-01
-5.554513779781099503e-01
-7.060328266677486919e-01
-4.870183675859631744e-01
-5.239742083957503738e-01
-6.762663113976069562e-01
-5.757344953334752047e-01
-6.361264145930970448e-01
-5.709756290979857152e-01
-4.967165565561720841e-01
-5.303481246129612137e-01
-5.202083271222990302e-01
-5.135509163494476059e-01
-2.850177840071961288e-01
-3.649148382862514306e-01
-2.500856568575351435e-01
-3.493608352955910323e-01
-3.735212139444855084e-01
-3.512751351417704448e-01
-3.509589047312722254e-01
-1.171817211677568943e-01
-2.117141902041811963e-01
-3.048491787045100598e-01
-1.558234901362662850e-01
-2.371953930109230724e-01
-2.970865568003889234e-01
-3.218464696074052056e-01
-5.130332697682247201e-01
-5.097838975339660239e-01
-5.063723028288019679e-01
-5.545293131488279181e-01
-5.003929603718744179e-01
-5.801048439199338880e-01
-5.972619481531833419e-01
-5.651683261265262326e-01
-5.732811444146574953e-01
-6.224553540434816234e-01
-5.223944193242703316e-01
-6.327486711003270647e-01
-5.201369855964924627e-01
-3.763159043831580397e-01
-2.995413231321316094e-01
-2.361006801374000152e-01
-1.530245361957070227e-01
-3.947442112326016161e-01
-3.296512978382913905e-01
-1.908254016203465298e-01
-1.987490946319809548e-01
-9.640066627512902664e-02
-1.530229001048871162e-01
-3.156370816357682019e-01
-3.652846274391788883e-01
-4.031927092435165783e-01
-3.935670797540382071e-01
-4.691323275893609090e-01
-3.319001457690464729e-01
-6.312753460273856643e-01
-5.453229503431664682e-01
-6.472852226388478014e-01
-6.834152704699874015e-01
-6.197942006005071613e-01
-4.812288813222237449e-01
-5.808446546560669388e-01
-7.244220448908332832e-01
-5.646881765376345896e-01
-5.580642668802970885e-01
-5.665480841354623154e-01
-3.524219767118055846e-01
-3.051256261575195916e-01
-3.487058118712924037e-01
-3.109992837467938087e-01
-2.047063794260179648e-01
-2.186879180703388825e-01
-3.048792275720524914e-01
-2.608631935835925564e-01
-2.497591237910357920e-01
-1.175712684990757873e-01
-8.819740803250324113e-02
-1.508175684311374720e-01
-2.280233333673969687e-01
-2.314663772356835569e-01
-2.327919981904796598e-01
-3.858731527915319481e-01
-5.434223025691814479e-01
-4.863362071489699123e-01
-5.177100633752341752e-01
-6.703666720652265987e-01
-4.699992545123986010e-01
-6.376641318405417147e-01
-6.366208644186072130e-01
-5.593969242390417485e-01
-5.593451948706049670e-01
-5.840860804058382039e-01
-6.329690917899495339e-01
-5.070546037817240670e-01
-6.359264659262585662e-01
-2.671771574931259274e-01
-3.104262081649691862e-01
-2.922164110138840143e-01
-2.331055216061586610e-01
-1.966506824458473801e-01
-3.966789997658848876e-01
-3.233063101683280038e-01
-1.303489660997005084e-01
-1.651508691700172560e-01
-1.169187198491867530e-01
-1.864820969819909191e-01
-1.171890123032816727e-01
-1.451011503581636497e-01
-2.911887871934136229e-01
-3.357200071318067747e-01
-3.897492087128719973e-01
-4.504102556243053113e-01
-5.138972217288759747e-01
-5.988209841196838745e-01
-4.726057448384318738e-01
-6.657384935925246827e-01
-4.742756367506130721e-01
-6.152035559442623480e-01
-5.336657411083723934e-01
-6.840242072101527793e-01
-6.728436630820463504e-01
-4.615925834730607580e-01
-4.557014621115770825e-01
-5.205802664779781708e-01
-3.895889321310815334e-01
-3.184658248824276394e-01
-3.441402181450130549e-01
-5.369603670448228616e-01
-3.482289535287846349e-01
-3.296026883074927305e-01
-2.375295836166093910e-01
-1.486236239911995494e-01
-2.526649944535168668e-01
-3.421552874373850472e-01
-3.086698372813182489e-01
-3.960866586483336449e-01
-1.272404154755980843e-01
-2.734667319644011885e-01
-3.789216553046328984e-01
-4.311191099023999884e-01
-5.119467953400320681e-01
-4.512466103150806762e-01
-4.806750234623446416e-01
-6.316138576154448625e-01
-4.714370872548833136e-01
-6.938286843596374043e-01
-6.289191161152664078e-01
-5.327685464384134262e-01
-5.640590456836573896e-01
-5.204073808754415831e-01
-4.134806471847944920e-01
-6.004026280799773518e-01
-4.012991274516440887e-01
-3.865954827807793759e-01
-3.866773803261032150e-01
-3.427909273382122035e-01
-3.875583002350381778e-01
-4.236405148463796566e-01
-2.257583385226065165e-01
-1.781255641805729317e-01
-4.327807270970318032e-01
-3.493624866473954427e-01
-2.276001427505655039e-01
-4.332256146957603193e-01
-4.073344977888709306e-01
-2.854449786705324232e-01
-2.518535816005179617e-01
-3.414945385842414471e-01
-4.217399941062882629e-01
-6.923121534071230432e-01
-6.187080212916483690e-01
-5.229171775892286211e-01
-5.951658651764220043e-01
-5.259658799958203401e-01
-7.169329924091002448e-01
-6.424571882984777549e-01
-6.383110533836998668e-01
-4.769955500887840261e-01
-4.874815437079332847e-01
-4.657787027433296645e-01
-4.420830885087774775e-01
-3.672964653664976820e-01
-3.691438832636021461e-01
-3.237314070198089588e-01
-3.940135238041119758e-01
-4.771923574829099457e-01
-3.354240313113700522e-01
-1.404011583658537343e-01
-2.367513964536565318e-01
-3.718643167794073445e-01
-4.389584926342905979e-01
-2.506324368643721434e-01
-2.340915192904657605e-01
-4.619049513147274189e-01
-4.332514405536126434e-01
-3.501995750349032877e-01
-5.371296075363909406e-01
-5.725721732843054301e-01
-6.201105020217960728e-01
-5.697754089097260000e-01
-5.254778529561676681e-01
-5.586230001833474290e-01
-5.252913442145162870e-01
-4.633188627303799767e-01
-6.089477534339858833e-01
-5.758874060874921152e-01
-4.877285097985489259e-01
-5.271217666088622300e-01
-5.206089449081134912e-01
-4.693113461498364947e-01
-2.871496468601019703e-01
-3.018709169421962546e-01
-3.820420837299440264e-01
-2.125241576150473655e-01
-2.633131114014455321e-01
-2.079366944840832232e-01
-2.360287382098388564e-01
-1.402295326699899147e-01
-3.207915789262419382e-01
-2.994525412286535015e-01
-2.178137217774000212e-01
-3.734462815994814000e-01
-4.784952939321464038e-01
-3.946662940052361734e-01
-6.166183609316139291e-01
-5.663223025689101409e-01
-4.412325722261157823e-01
-6.111720214827901509e-01
-5.940261589189578251e-01
-5.605448216412334261e-01
-5.463048077583545492e-01
-6.191362709303307454e-01
-4.657357094915514639e-01
-6.105494705722532833e-01
-3.730246996225979883e-01
-4.046033164352051958e-01
-4.045275501161256781e-01
-3.575430341514739263e-01
-4.912013870946853600e-01
-1.920313476936743313e-01
-2.676305190683294644e-01
-1.970922738482733250e-01
-2.758320523281241887e-01
-2.000323936861237162e-01
4.284436294555119852e-03
-2.634208699957674149e-01
-1.625678548146994862e-01
-1.444693207777302812e-01
-2.021737605849918129e-01
-2.774999934419312697e-01
-3.650887826160053584e-01
-3.904890479893237676e-01
-4.633710383231256502e-01
-4.276561476741737033e-01
-6.603740421300199337e-01
-5.217241917965591558e-01
-5.670353428117164141e-01
-7.114134750397933527e-01
-4.906890749158999143e-01
-6.354090964007320652e-01
-7.325235179276657904e-01
-4.751090392541136298e-01
-4.608972534678813515e-01
-4.716797752520637266e-01
-3.941541399624037267e-01
-4.380021040020708467e-01
-3.306441590533487629e-01
-1.311468030814899322e-01
-1.704964183989138016e-01
-7.344827006436667471e-02
-1.427238864272565022e-01
-1.042115113816294292e-01
-6.596968406333487966e-02
-1.238511250839975653e-01
-2.098070612242918243e-01
-4.147893256166267917e-01
-3.745474684561602707e-01
-3.548974577470573877e-01
-4.769590084864720470e-01
-5.467576293515488128e-01
-4.951388853068187657e-01
-5.328609150958609764e-01
-4.083943698630875807e-01
-4.875696765816172062e-01
-6.560179536934067634e-01
-5.905034842857597166e-01
-6.973401611746474771e-01
-4.953548775684226135e-01
-5.491385553160536004e-01
-5.062322125925367011e-01
-4.166002328848654179e-01
-3.551327771205334272e-01
-3.342182263948448862e-01
-4.165155273472936903e-01
-2.905091451699489125e-01
-1.955671281505670933e-01
-2.168222304620123775e-01
-2.947185743760446508e-01
-2.055114449173923163e-01
-1.004000554287965141e-01
-3.649428758419597241e-01
-2.798437141583805521e-01
-2.992810093037936992e-01
-5.843604154785901894e-01
-6.993293209793622900e-01
-4.377602849934330020e-01
-4.655316237980178240e-01
-4.695698004231394496e-01
-5.566135826838560785e-01
-5.084116147370519867e-01
-4.620564031927892890e-01
-4.922369096679464762e-01
-6.897396033056207854e-01
-5.342271110435421466e-01
-6.710819185669577580e-01
-6.532992708997388265e-01
-5.532860245282417155e-01
-4.697536918070169820e-01
-6.198617224051100605e-01
-5.782630551406949815e-01
-5.600105828238813865e-01
-6.053268388486304774e-01
-3.732399076719575826e-01
-3.712875018422388540e-01
-4.547274211852044834e-01
-4.545735385897065051e-01
-4.629133787260173993e-01
-4.454624100109622620e-01
-5.047725125759767728e-01
-4.975207255107521598e-01
-3.958270151500888900e-01
-4.199356526066618245e-01
-5.098930119362948821e-01
-5.786392395616655193e-01
-4.407203855299315354e-01
-4.174921069099253867e-01
-4.604385422275116824e-01
-5.658333239744159915e-01
-6.148436061860000912e-01
-6.646289502254549841e-01
-5.266362562993442964e-01
-5.497774916552073954e-01
-7.214423590112923890e-01
-5.524063864862894802e-01
-4.815079580222166311e-01
-5.573164334377606055e-01
-5.569704015070832126e-01
-6.125746710562981479e-01
-5.556055770466941102e-01
-5.353082446793517857e-01
-6.416949733951189394e-01
-6.193310880151464692e-01
-5.333931552909454421e-01
-5.357298044336238352e-01
-6.494151984530905919e-01
-8.216470603291523567e-01
-6.197886236519013492e-01
-4.817038693630816271e-01
-6.794726093119495269e-01
-5.814119321770966353e-01
-4.579736584507249075e-01
-6.477428563442040321e-01
-5.968031179301592770e-01
-5.688302575442362174e-01
-4.932860001463819644e-01
-4.998348662591293179e-01
-7.403132586381112601e-01
-5.320748904621243058e-01
-6.962251931509322311e-01
-4.679943978648544167e-01
-7.298816987231773190e-01
-5.504035301780074718e-01
-5.880887209046290476e-01
-4.261619651792242225e-01
-7.336830575608040972e-01
-6.560839679614964837e-01
-6.134229167640837810e-01
-6.875040123717941487e-01
-6.270941314030382685e-01
-6.761625064248322214e-01
-6.027384067064999185e-01
-5.623518109101280915e-01
-7.210640452656629229e-01
-6.231855708836502306e-01
-6.271536074502894742e-01
-7.175717532538202770e-01
-7.075723362438376407e-01
-6.146536554771548921e-01
-5.818496244483386537e-01
-6.619523792600248147e-01
-7.195696972690176496e-01
-5.372347034978698366e-01
-6.153689951905099154e-01
-5.668216009150127688e-01
-6.896803392579128333e-01
-6.026667331817967543e-01
-6.479118274858424176e-01
-6.083116421589236378e-01
-6.847846744634193961e-01
-6.494969039026408097e-01
-6.371047229437678538e-01
-5.925376433342329774e-01
-7.185759256760816394e-01
-6.133175373263874963e-01
-5.741756147197654148e-01
-6.340606457912815186e-01
-7.014740193624372511e-01
-6.658744091737797133e-01
-7.744653798313755333e-01
-7.017989308102572377e-01
-7.661200564384954559e-01
-7.734295896010200400e-01
-7.696473919808469732e-01
-6.029943197477093397e-01
-6.690745358009958510e-01
-7.100629913955847083e-01
-4.693852591376905248e-01
-7.299754741091754040e-01
-6.175646804653038835e-01
-4.957638139756432305e-01
-5.719325054510947526e-01
-6.201885798138954131e-01
-6.050868393062355244e-01
-5.192358768537791436e-01
-5.785517993711943863e-01
-7.409897526449461536e-01
-5.749792152926297417e-01
-6.350081756685533874e-01
-5.160365114192138059e-01
-5.047180943483177140e-01
-6.130136169554412096e-01
-6.386417150285711442e-01
-5.275741088048571115e-01
-6.210576690868204741e-01
-6.577790247800199275e-01
-6.965388533531616799e-01
-7.403965562513799004e-01
-6.849655252626442037e-01
-7.666954305873007192e-01
-7.025964755092557468e-01
-6.862297601594222751e-01
-6.200423711376251701e-01
-6.061817645705669388e-01
-6.916309794988112492e-01
-6.029271254248644851e-01
-4.890591114810144413e-01
-5.823368825559900319e-01
-6.196059170635116464e-01
-5.834188780780951156e-01
-5.079560671394023341e-01
-5.586242810932704472e-01
-6.061912389259378475e-01
-6.602057732083030928e-01
