2.555740868753872519e+00
3.377270765012466480e+00
8.599101582520252141e-01
2.768146786903773027e+00
2.512945419212888609e+00
6.363196902277657996e-01
1.906591840972129970e-01
2.549400099690630750e+00
1.344276802885167710e+00
1.138509732759919180e+00
4.770173909673583457e-01
1.480149288702210519e+00
-1.267939210711262893e-02
3.164884800701143419e+00
6.884146197098958697e-02
3.107423449660294157e+00
1.886335249604788933e+00
5.005967001438940134e-01
1.320331558697276808e+00
1.342748817898953728e+00
1.125839976296272749e+00
-3.376630697807569970e-02
6.526222627390213527e-01
1.628984632074161665e+00
-4.363612361353254032e-01
1.754789638278386521e+00
4.695324395678915907e-01
2.747680826026000833e+00
1.652919823816980938e-01
3.433966298938027517e+00
2.747827017292898688e-01
4.846853393073310978e-01
8.337132653783961844e-01
5.558704628655957158e-01
9.506457366024159139e-01
1.034856797591587219e+00
1.852794439668110638e+00
9.991635139602236260e-01
2.671547126578003972e+00
1.192810680463683548e+00
1.830462707469611594e+00
2.799991191894063980e-01
5.614207748129449449e-01
-3.258749119019253015e-01
3.293796680282987666e-01
1.668304050271213423e+00
4.041133413365411431e-01
2.786631794019868158e-01
8.803906959680878330e-01
3.279038448832272135e-01
2.066980018812564435e+00
2.012613281675354138e+00
8.033028685669194591e-01
1.368983881427770832e+00
1.591738304955368166e+00
1.891980788779999978e+00
1.324211346141650925e+00
5.237314138232175287e-01
3.485187904403734827e+00
9.850704820340532297e-01
2.573448803983749755e+00
2.787869763103545395e+00
1.795822728580347860e+00
5.469276866546464166e-01
1.227562795202103318e+00
1.370546681663203481e+00
1.347274117104912294e+00
2.864488908128952183e+00
1.567742255974419852e+00
1.112049109766187094e+00
9.383293439962839821e-01
-1.126067766437939544e-01
2.531516926087591823e+00
-5.259656028306235187e-02
6.769334634344269519e-01
-3.795819636561811317e-01
3.905937407507747983e-01
1.154737394115024740e+00
1.743436442311558698e+00
4.041081216086767625e-01
1.742265945538452376e+00
2.786582420274457572e+00
1.627717387661309356e+00
2.666388822146322557e+00
1.683935688101074080e+00
2.707499883646816041e+00
1.133568271335815558e-01
1.829610438379507986e+00
1.002195764581703674e+00
2.499920336227320350e-01
1.615820145063922464e+00
1.094956067032198721e+00
-7.871344398559501632e-02
9.150690125384569606e-01
1.212736933626445746e+00
1.202390016899887115e+00
3.030379473430971249e+00
1.804472472993250864e+00
-8.291811907059315478e-02
1.544979126246820433e+00
3.404732428118516285e+00
1.562310550467547410e+00
2.114160900055625181e+00
1.047699375126752708e+00
1.048096460795717721e+00
9.028463964979245304e-01
2.382837625729512077e+00
5.628690367487336754e-01
1.068075852345860000e+00
1.785923907707006597e+00
1.543292187198202603e+00
1.461083838172546057e-01
1.783225819201941675e+00
3.438922455011180102e+00
1.085536858171146868e+00
7.976491002720246248e-01
3.710480988996897600e-01
3.132089955253745117e+00
1.463759677779208568e+00
1.708262767238126756e+00
5.080766019703757408e-01
1.756701196403672949e+00
2.367036468782064862e+00
1.300432874379040316e+00
1.635122465296125371e+00
9.228007990016225959e-01
8.104811574336837632e-01
2.890328667844766497e-01
2.315576490203746562e+00
1.916629613181842551e+00
1.198382234170557226e+00
3.590306716175471369e+00
1.551045789878380710e+00
-6.046896905232570507e-01
1.622308058271769271e+00
3.076128753027420615e+00
1.366195195120858408e-01
2.863950514112568957e+00
4.403798776547759863e-01
2.477844696608654806e-01
3.031414400518919638e+00
1.146344046920723558e+00
1.826881395244181583e+00
2.409501603717880247e+00
1.900352962737306139e+00
4.197660807406594641e-01
1.561002110176899826e+00
3.326370648061753421e+00
8.953850508451592916e-01
6.615422854929312590e-01
1.841063153254087315e+00
8.775412861063041081e-01
8.954046631766168218e-01
5.470639076509101750e-01
2.078712796644193173e+00
4.036944211078398181e-01
1.451799188189543344e+00
1.842870251340660293e+00
3.114897728032204327e+00
3.412728606399078934e+00
1.556614747289552625e+00
5.955752653452921902e-02
2.117684130028772316e+00
2.405228819211453484e+00
1.066775262789450673e+00
2.482194216060105152e+00
1.058370656119019593e+00
8.425588872095712833e-01
7.534271276562248820e-01
1.037466094313115095e+00
-1.157078517681096264e+00
3.456580393152461017e+00
1.314616558563638904e+00
6.549745338596376643e-01
2.686228207485072961e-01
2.884525771667564520e+00
-2.718826250754355911e-01
1.428027595906234737e+00
1.528632383246908200e+00
2.843766511722696677e+00
2.556524333685428640e+00
1.926512588433666906e+00
3.895227509658669263e+00
2.960988201526826735e+00
2.959888951081834363e-01
4.114037467634295564e-01
1.035264620362549071e+00
7.585855079294773207e-01
1.376125200493375278e+00
1.967927491574209320e+00
2.715157693886524060e-01
1.233429883084254053e+00
2.676640381547740866e+00
6.185203890141600658e-01
2.170017013604683243e+00
5.818293948668170484e-02
2.322372241914599122e+00
1.296483288894652475e+00
5.952959648455699027e-01
2.228348489743271266e+00
6.489356612998460339e-01
6.474997802111029932e-01
-1.594061235514422803e+00
6.566435443320534082e-01
6.845241812841905693e-01
2.160116627825138025e+00
3.462125905972367690e+00
-2.592478137259870974e-01
-2.125474008131592041e-01
1.990049610445636441e+00
3.801628334146036070e-01
1.665487145307730454e+00
1.073209875115959777e+00
-6.839183194791462195e-02
1.063452423889326592e+00
1.058296907569320711e+00
3.039239955360243606e+00
6.731562393060119831e-01
4.688028833999660638e-01
1.893617948117355843e+00
1.908876460852451995e+00
1.100904954003980363e+00
1.846426139938098787e+00
4.735072793309549888e-01
3.354751053459205767e+00
2.011116425690092413e+00
1.797381410624238507e+00
7.695400747365735983e-01
2.501716323830982525e+00
1.556887287170164225e+00
1.784282651748344328e+00
8.124771553264316104e-01
8.841583240875515726e-01
1.278737294297668914e+00
5.532537565595636586e-01
2.347509665903798837e+00
1.919499323206288244e+00
6.411905247543655539e-01
1.448406583240879009e+00
8.527724170534800585e-01
2.589452317879079035e-01
-1.135003803988298365e+00
1.280469033856545868e+00
8.691972501961714448e-01
1.267835133302672501e+00
1.631785519151605524e+00
8.439855877740085610e-01
7.228855741941456192e-02
6.200135369281934983e-01
8.096137992867332711e-01
6.273618798738014313e-01
4.057038786427781041e+00
1.700905277025077211e+00
1.089590986938503203e+00
1.539715800280432867e-01
5.649487048188852611e-01
1.771489168582109919e-01
3.012242117279929410e+00
6.581631404078357450e-01
2.289291504438943914e+00
1.675158119289088088e+00
1.269903129812382403e+00
2.517875621872247560e+00
9.460058704649362271e-01
1.150228784273424010e+00
1.288644182669410165e+00
1.221353715619218239e+00
1.246077104509830891e+00
1.157663435383919914e+00
7.306980754861877037e-01
1.095526690226189093e+00
-1.378827028621309458e-01
1.436442575196633875e+00
1.464774394039116467e+00
1.838389334781278306e+00
1.379170582808757706e+00
-4.275747580392770808e-01
1.993665237166787119e+00
2.104407653125713040e-02
2.993362703567926886e+00
3.283006344460610126e+00
2.351331381238986218e+00
7.190608402249542008e-01
2.785085239247096389e+00
1.462269378380335327e+00
1.469055586626555332e+00
8.432585971534038993e-01
2.605713217816514604e-02
2.407867071048161556e+00
8.872373259638790532e-01
1.779571837729564843e+00
1.156953792940046188e+00
2.893241845485881480e+00
1.564834709258380030e-01
-9.089485907928986919e-01
7.855414110504801428e-01
1.313392282583168980e+00
8.614125292465383277e-01
1.054676816191753908e+00
4.937042929700170002e-01
2.694600595574116131e+00
1.213032394143656045e+00
7.082276957090209990e-01
1.954215908848551564e+00
2.497538989588934832e+00
1.455631429690430689e+00
2.550683806016412536e+00
2.604617419045827109e+00
2.175371392938242332e-01
1.789392799691085445e+00
2.934355109549870555e+00
1.412206174915047407e+00
5.101179407172613534e-01
7.198461785856984374e-01
-1.715642815578614054e-03
1.766593648890909529e+00
2.435496878867940307e+00
1.313437009707082437e+00
1.537766540759317291e+00
2.920292519403680398e+00
8.562922984870555698e-01
1.359829565087933512e+00
1.362253346728192982e+00
2.622564823524127675e+00
2.029935923218241456e+00
2.810423729742338672e+00
1.320823962683208119e+00
1.166981328909268534e+00
2.004394699770691179e+00
5.359456279490191211e-01
4.685625318452978916e-01
5.330805881914926214e-01
2.257256555088636318e+00
1.629271671089874030e+00
1.367577735082118329e+00
6.395753305096633090e-01
1.132376877466915399e+00
8.559017625924687511e-01
1.011965184896984393e+00
2.752450292709089918e+00
8.488561082750754883e-02
-8.451817423666036638e-03
2.393770953563576498e+00
9.671062326105961393e-02
1.149979297442681701e-02
1.733398312047926604e+00
1.542880111170672475e+00
7.636662576001587155e-01
4.268923277684884554e-01
3.162172230379911575e-01
5.063814116452050040e-01
2.473554109441657101e+00
1.335800578190283971e+00
5.867471198881079042e-01
3.391059414468525990e+00
1.081057479776900365e+00
4.651511025831531199e-01
5.289897019338982709e-01
2.635525549563040304e+00
9.238228744343701671e-01
9.770901308227791793e-01
2.723563377585895839e+00
2.381000489567944634e+00
4.454106023014692273e-01
6.961843780128073034e-01
2.318809831182844228e+00
1.513773244317643263e+00
2.352224576253064914e+00
3.784180401639540836e+00
2.211060279581884114e+00
-1.513785579565206429e+00
2.636302897134342182e-01
4.805203818505897062e-01
9.900988300723945201e-01
1.247319547756694069e+00
9.546801188980759134e-01
4.028381954756601324e-01
1.108709258214502391e+00
1.664254905258658823e+00
6.595074281753211289e-03
1.195833247297174218e+00
7.163751057188881832e-01
1.404085014990641422e+00
3.011344983197707936e+00
1.748413746042579486e+00
8.966626959248160667e-01
2.838678068896116180e+00
1.449819486028076865e+00
1.456507475466173762e+00
7.082355010639401760e-01
2.932446567212880217e-01
2.007436902204358997e+00
1.220323350048399424e+00
7.261425003072152773e-01
8.289371369999362082e-01
-7.327941553257023566e-01
1.085784618927275957e+00
1.668305382588801011e+00
1.391345753634501969e+00
9.336435503201591102e-01
