-6.598083429342844752e-01
-5.799320196657420379e-01
-6.151690502876566713e-01
-6.023980261083086152e-01
-6.342208580150202613e-01
-6.177045382580201860e-01
-5.345616815167176794e-01
-5.478207488770909794e-01
-6.586632745375959885e-01
-5.292687334179621006e-01
-6.595501837290072000e-01
-6.148988956657583937e-01
-5.897779513392592543e-01
-5.894346657017108804e-01
-5.843448855285352517e-01
-5.554425100547742966e-01
-7.643271079946779567e-01
-6.357360252911693488e-01
-6.077875168962278973e-01
-5.030468482783281292e-01
-5.814820274092348251e-01
-6.493552355385675545e-01
-5.553433423837762506e-01
-6.380538413124752228e-01
-6.347465489589209087e-01
-5.762839405985604735e-01
-6.180202824038724119e-01
-6.677801379216933286e-01
-8.037243254076849031e-01
-5.512817750747603940e-01
-5.479226096004047308e-01
-6.845672963312857684e-01
-5.670265651252303085e-01
-5.674613238574889307e-01
-3.906190514350130760e-01
-5.294853340430736299e-01
-5.679236062186382439e-01
-5.815235800365755603e-01
-5.185310634961763920e-01
-5.889112760949135605e-01
-4.574865221337081622e-01
-5.476277089141926568e-01
-6.800163992294536719e-01
-6.032111443733083611e-01
-5.581714117526709318e-01
-5.548136841308987099e-01
-5.844764365333845468e-01
-4.894350568728508821e-01
-5.751327928803416922e-01
-6.076308142949266022e-01
-6.552755165464204667e-01
-5.661874098400043742e-01
-5.397154536915981238e-01
-5.607103597017278895e-01
-5.201336681033297271e-01
-6.585502839053827273e-01
-6.181494037510592010e-01
-4.842152644453086574e-01
-6.495318137147615412e-01
-5.088120653383951808e-01
-6.844044993419113876e-01
-6.679043813795612072e-01
-5.795644217714941426e-01
-6.112343292056892086e-01
-4.806884047128179294e-01
-5.812871646019740490e-01
-6.805582280965516428e-01
-6.205529963157661033e-01
-4.826840422299847333e-01
-7.245185674561249733e-01
-7.684351002507507911e-01
-7.499128694932211125e-01
-6.602525374919069323e-01
-6.227945708392484958e-01
-6.326700340453721427e-01
-6.376640069972894231e-01
-8.179565279717274651e-01
-6.104032354384686387e-01
-6.018026063747291543e-01
-6.857774177704035745e-01
-6.493990997277913069e-01
-5.856496256213855611e-01
-6.302463339491525263e-01
-5.050747770949161053e-01
-5.185471349311873146e-01
-6.712767660657259494e-01
-5.767912667414940575e-01
-4.479976046224233288e-01
-4.532722721341850280e-01
-6.131613774320875399e-01
-5.026724652069509691e-01
-5.150188412323467579e-01
-5.426352139128445273e-01
-6.447551037357667214e-01
-5.692555501214058289e-01
-6.697106251853098824e-01
-5.270386033004551551e-01
-6.131868282836135942e-01
-6.144750934117721997e-01
-6.829158419575682704e-01
-7.436992629121690346e-01
-7.296095707371477168e-01
-6.691950036667738688e-01
-6.538603721775828603e-01
-5.076239508531077416e-01
-6.280442309087164166e-01
-5.750944900996256548e-01
-4.632678662623193055e-01
-4.484455878038449139e-01
-5.050459820982966530e-01
-7.171399275066731027e-01
-6.826333672978437406e-01
-6.776856539613689279e-01
-6.420017423774395660e-01
-5.375696187300406104e-01
-6.472843358180302431e-01
-6.060165802179954264e-01
-5.693481216991388427e-01
-4.263737276470490056e-01
-5.500796847673201651e-01
-4.952978714978232277e-01
-6.722643284764556748e-01
-6.614040365622059214e-01
-6.363385621702629669e-01
-5.451993060055350115e-01
-5.613618829218854911e-01
-4.807174692074868694e-01
-5.274531952873698915e-01
-4.530515053766627775e-01
-4.343520567114964037e-01
-4.993752937183327245e-01
-3.781275638332178834e-01
-6.041417011067388154e-01
-6.610953760727956707e-01
-4.874758571869883261e-01
-5.323785482029853577e-01
-4.609380011943635669e-01
-4.631098510326367990e-01
-5.143780286971729732e-01
-6.286649807365600751e-01
-6.673936945771266060e-01
-6.816792453071708335e-01
-6.416325950360726171e-01
-6.442708383665780580e-01
-5.490155785520336451e-01
-6.397952602318895954e-01
-4.140005843919867812e-01
-5.215264011900611063e-01
-4.300896134536511539e-01
-4.714249614717487824e-01
-4.579219580411096335e-01
-5.287417357155974607e-01
-4.784620756473809133e-01
-4.848007394616205556e-01
-5.063555059584271545e-01
-3.137499475308956343e-01
-5.094410984685905364e-01
-4.290223709779413253e-01
-3.327740898330983632e-01
-3.708918763170658273e-01
-4.478063710634606065e-01
-4.152533855777936211e-01
-6.162185953232338642e-01
-5.051464817309024857e-01
-4.533168051485506611e-01
-5.438245845120449617e-01
-5.758489535461610576e-01
-5.775483010586868193e-01
-5.527555284122999124e-01
-5.353495729184473140e-01
-5.827140230117366926e-01
-6.095447775819655689e-01
-6.583354874370227483e-01
-3.356532996861380513e-01
-5.256347656051642003e-01
-5.510873912524869578e-01
-5.119681505163566904e-01
-4.863425699256171408e-01
-6.096009241881027441e-01
-4.223155637676906382e-01
-4.133524978318339205e-01
-3.805838865107410984e-01
-3.716763556952919489e-01
-2.989904816186298442e-01
-3.974647692319311365e-01
-3.149548382602686547e-01
-3.547335686834812152e-01
-3.982935031492352840e-01
-4.493414139828699194e-01
-4.983274232190597619e-01
-4.854445456286331506e-01
-5.471964718842337039e-01
-5.809370040043136951e-01
-6.292525601739911156e-01
-5.409182403964307717e-01
-6.253366735570972113e-01
-5.707775299378826661e-01
-4.484817159120517704e-01
-6.438845550349483471e-01
-6.203113240590456545e-01
-4.457449960707663972e-01
-5.658942512866370622e-01
-5.683553599065407358e-01
-6.102499906970422217e-01
-4.173524902400653769e-01
-3.951212741192693390e-01
-3.961336356104016021e-01
-2.675529977861360598e-01
-3.115956650763178626e-01
-2.122025197269008512e-01
-1.922575305501966758e-03
-1.753528848781157889e-01
-1.093203655103527766e-01
-1.950246025899969315e-01
-2.021803185443791506e-01
-1.141903798703753359e-01
-2.904988627216115171e-01
-3.994388898414013567e-01
-5.251854312391823765e-01
-4.927393140154222029e-01
-5.211950613720939263e-01
-6.140148947862741347e-01
-5.676321718162847807e-01
-6.420423495109696121e-01
-5.259107498403424730e-01
-6.166691544277681514e-01
-6.156746459469962796e-01
-6.342471835105516487e-01
-4.985326993810882401e-01
-4.292487115179776658e-01
-4.326394490277608029e-01
-5.606030456469115464e-01
-4.102659950766444630e-01
-3.245794647325083160e-01
-2.659326343883401389e-01
-1.735835608342913283e-01
-1.039588616665064746e-01
-1.818952792078755432e-01
-1.740081317591511412e-01
7.518601456232331184e-03
-2.594428980132877996e-02
-4.790292864256470023e-02
-8.293421642990429776e-02
-2.281874029075608434e-01
-1.213757594172156784e-01
-3.985494663098997359e-01
-3.810396314285033892e-01
-7.203937103775234219e-01
-6.253262520635497479e-01
-7.435872746644874853e-01
-4.888339121681289368e-01
-5.118856494799493007e-01
-4.740994183444787180e-01
-6.968036433721075396e-01
-5.066376710631602664e-01
-4.880232479706587134e-01
-5.175920767106002573e-01
-4.199033451702964825e-01
-3.605513887439986132e-01
-3.593063438415986521e-01
-4.163239504899798882e-01
-3.640023309166900978e-01
-1.588420056501884114e-01
1.666354407300700211e-02
-2.267419552203143174e-01
-3.077616491387520914e-01
-2.481398837133763080e-01
-1.998044922206592133e-01
-1.799478494542963714e-01
-1.807848286398796578e-01
-1.858223258471184414e-01
-2.674735738666706442e-01
-1.931727515169991416e-01
-4.618899381099882961e-01
-4.352577626852196513e-01
-6.375174987071337007e-01
-6.382579781268749031e-01
-6.016124049071002178e-01
-5.435048536109233774e-01
-5.319596147060920988e-01
-4.606017434491699314e-01
-5.916517345740575085e-01
-5.967450270313743310e-01
-4.972923654836618468e-01
-5.428959588037461925e-01
-5.374957824976368537e-01
-3.908145360625736586e-01
-5.189600538955015940e-01
-3.853473060637252479e-01
-3.598530221852835331e-01
-4.245921968625853554e-02
-1.887928315394936662e-01
-2.367851287563078055e-01
-3.383818396331633171e-01
-3.563426822686902029e-01
-3.939084312912117247e-01
-1.651343363973450107e-01
-2.164706868096351045e-01
-1.991551835036312890e-01
-1.230641479745801514e-01
-4.285677391521984236e-01
-4.532643031808375467e-01
-4.688307886971951333e-01
-5.179016050752117684e-01
-7.192363593924147036e-01
-6.075650675243258192e-01
-5.361134290496881727e-01
-5.303105676308755845e-01
-6.161827620909683390e-01
-4.937854004810958153e-01
-5.940321817488235512e-01
-4.899455392138717391e-01
-5.340235082746885853e-01
-3.441598513947709548e-01
-5.535324489196120634e-01
-5.103593719340696611e-01
-3.140841300606390663e-01
-1.715938215611092499e-01
-1.485183613457816687e-01
-4.723574072971037929e-01
-3.947529147527510940e-01
-2.998264270410221366e-01
-4.734334615979202687e-01
-2.886998685328270864e-01
-1.291947206333150244e-01
-1.894650734742653331e-01
-6.493773612092754166e-02
-2.279254488469062978e-01
-2.201344756637556577e-01
-1.925629356812974813e-01
-5.810572774111298910e-01
-4.041038508956497632e-01
-5.591164609017774678e-01
-7.115909369795342387e-01
-5.501064203345911174e-01
-6.746249887534206957e-01
-6.754972807267880519e-01
-6.394483332987943580e-01
-5.386211283191574273e-01
-5.209476695509097643e-01
-4.710309931722473920e-01
-4.605763471259179398e-01
-6.547490665777806473e-01
-3.857612998317127562e-01
-2.483699406746937843e-01
-2.833537718209415135e-01
-2.103150376256900100e-01
-3.547948724332020687e-01
-4.151698500038200623e-01
-4.295784324048252945e-01
-3.659692901669202025e-01
-1.173275178953909204e-01
-1.873546436343883625e-01
-3.302146546968456331e-01
-1.732835923925531985e-01
-1.320448095847588377e-01
-1.864945463970226758e-01
-4.159346659416519043e-01
-4.373811821229119379e-01
-5.699351316595572259e-01
-3.966143724479422872e-01
-5.718734393571416330e-01
-6.153761364570967674e-01
-6.586968878132223315e-01
-7.204270758169745159e-01
-5.783608769476378253e-01
-4.571407097838079414e-01
-5.506677159846589120e-01
-5.588182088871848086e-01
-4.233802545514679383e-01
-3.841666760964036476e-01
-4.007562564816468664e-01
-3.261841961739181395e-01
-1.461898590278312426e-01
-2.157386554949577984e-01
-2.689862407826659196e-01
-3.852230349417579136e-01
-3.109495209100173185e-01
-2.024772746634184717e-01
-1.472352368531746059e-01
-4.161697518414791963e-02
-6.513184844370151216e-02
-2.211394819508443466e-01
-2.447786295896376141e-01
-2.883752832507004427e-01
-4.519084892351606930e-01
-4.990531743035504508e-01
-5.891412887951987809e-01
-6.248167532984204575e-01
-5.484840594101325628e-01
-5.190410196196412196e-01
-5.202901554493658542e-01
-5.138174124693766220e-01
-5.908350968974253048e-01
-6.169403073768398027e-01
-5.168386102723580011e-01
-5.653033281643782271e-01
-5.388577165007034653e-01
-2.654152674479859364e-01
-3.394930504471532218e-01
-2.792743530121222229e-01
-1.778543588111881346e-01
-2.095618740506720035e-01
-2.119121781627291701e-01
-2.899651255045911369e-01
-1.481556768366227017e-01
-1.914376908838489877e-01
-4.477908634415491557e-02
3.949980120059967681e-02
-1.472178552783875716e-01
-2.674419279933734281e-02
-2.498805499342575676e-01
-4.029793643068507181e-01
-5.103941815931720694e-01
-5.114880514169141135e-01
-7.308518803847842138e-01
-6.377049704220409954e-01
-3.802482487141598533e-01
-6.157784972945885560e-01
-6.082860926725942585e-01
-4.768277154044958110e-01
-6.815446291801625645e-01
-5.910326377088445104e-01
-4.960415032665098645e-01
-5.093048893948383116e-01
-5.937607510551051737e-01
-4.564506582969746207e-01
-4.109405475168115274e-01
-2.376623836578243831e-01
-2.401710557025523163e-01
-2.532576532191286867e-01
-2.317383579921256098e-01
-2.165502759158728918e-01
-2.887216310240391381e-01
-2.092963427106147856e-01
-2.201193446902996731e-01
-1.516415919524332079e-01
-1.544780861936472516e-01
-2.534404483461374924e-01
-1.812296282378823009e-01
-3.276753954926376333e-01
-4.027751874495115736e-01
-4.923298357281693516e-01
-5.655523580614008061e-01
-6.295179190127344615e-01
-6.195929809708861091e-01
-6.151601649393976246e-01
-6.386861516112447568e-01
-6.036474888397980187e-01
-5.767072272230979735e-01
-4.939616964056259829e-01
-5.946679039063601513e-01
-4.787155599702786479e-01
-5.438888822192922134e-01
-3.715958791383265902e-01
-3.699124553000255333e-01
-3.870665711873138015e-01
-1.640630484854145588e-01
-3.298305568323151582e-01
-2.151345465412498881e-01
-4.136312238256572571e-01
-2.520999792586496313e-01
-3.698190800210306994e-01
-2.707697440415789414e-01
-1.381600027617110593e-01
-1.083846583189641832e-01
-2.238861784047400383e-01
-1.952336181517375646e-01
-3.584597831786792144e-01
-3.668678076896074169e-01
-4.275543906551519946e-01
-5.358724884145779077e-01
-5.349719384346929285e-01
-7.390160043113050969e-01
-6.110492948919122869e-01
-5.542261237902046389e-01
-5.848557386011102865e-01
-6.296169107041232893e-01
-5.108458411336826988e-01
-5.110497166276339875e-01
-5.362389825499025431e-01
-4.856806084184080441e-01
-4.951570624414906030e-01
-4.692168420670299045e-01
-3.247955945660985777e-01
-2.748089762870635222e-01
-3.664368561235027411e-01
-1.830039663388196847e-01
-2.969837487344110794e-01
-3.072634920235007283e-01
-2.973609820948782678e-01
-2.700705399581232458e-01
-2.323199747948904437e-01
-2.381574145509039175e-01
-3.590941134800878509e-01
-1.250286311273224593e-01
-2.533771928292350983e-01
-3.701019832564277912e-01
-4.338858176012538315e-01
-4.927161065849904875e-01
-5.845593292551476416e-01
-6.779529872233071019e-01
-5.514303899123675912e-01
-5.429630100690837624e-01
-5.471626046498496709e-01
-5.284804078031118957e-01
-5.630154205217482444e-01
-4.438344029492122256e-01
-7.283914732767794442e-01
-5.365363142513266403e-01
-6.239722533383771363e-01
-4.895685598798102389e-01
-2.813021437368705135e-01
-3.515367283435677503e-01
-2.872662433524942327e-01
-3.323686543714607922e-01
-4.003987735011481086e-01
-3.031919942124093881e-01
-1.586855099981399619e-01
-3.307016820104159982e-01
-1.395450371989807870e-01
-2.943366690654206641e-01
-1.562410063436038277e-01
-3.011258186043739848e-01
-3.244041953723152405e-01
-5.653922445872090474e-01
-3.875618657635204745e-01
-5.633112774752012664e-01
-5.601787536694329273e-01
-5.493020780154465044e-01
-5.655263005839729074e-01
-4.086783179880552619e-01
-6.304270188322391721e-01
-3.714801331733930123e-01
-4.787814492798654897e-01
-5.180581884570601980e-01
-4.940164768952821084e-01
-6.425897847387583850e-01
-4.575353079521559119e-01
-3.169454282289850267e-01
-3.656011669909817741e-01
-2.088211477838998742e-01
-2.532602365118599708e-01
-3.194598612765489065e-01
-2.873726129090538595e-01
-2.896062948290318295e-01
-2.315790929111301300e-01
-2.602186573954256565e-01
-1.834211687186354800e-01
-2.252573229336639615e-01
-1.342488821342029681e-01
-2.174567185245253054e-01
-3.195905258054713705e-01
-3.842346195625803706e-01
-3.911621046166994797e-01
-4.741866954952805302e-01
-5.295427798216070236e-01
-6.128841587692939186e-01
-5.113916502844620959e-01
-5.244500131880333038e-01
-5.598603250161495737e-01
-5.323062809652540084e-01
-6.982728621181212292e-01
-5.960585790812055196e-01
-6.875034920099466484e-01
-5.973234054804272830e-01
-4.767771183987359884e-01
-3.818051833950913965e-01
-4.339536612885544486e-01
-3.218320548483035726e-01
-2.278347709335569460e-01
-2.701720447418025084e-01
-8.740102645048591912e-02
-5.043082735037893172e-02
-1.594383161556430506e-01
-1.426528667689292151e-01
-9.689692170529839998e-02
-1.226356147744320502e-01
-6.200219060601295379e-02
-3.570727158948086566e-01
-3.467722751197892528e-01
-3.409688842076920579e-01
-2.652613781684088901e-01
-4.722848776293307460e-01
-4.389804554598190078e-01
-5.515779753327314516e-01
-3.969964365132440665e-01
-5.631899541256557562e-01
-5.822741520041687657e-01
-5.662932193879770537e-01
-5.529248352302795766e-01
-4.596294541398565636e-01
-4.237849040617447383e-01
-5.384068859407100671e-01
-4.043539073195419609e-01
-4.128820634653961319e-01
-2.847476060511782148e-01
-3.490216905021773508e-01
-2.723725868825218610e-01
-2.071707465751908561e-01
-9.064861628064786736e-02
-6.773425527632973009e-02
9.162725702998272825e-02
-6.570048033405062604e-02
-1.612391747061243941e-01
-3.095472977031754058e-01
-3.452013978693640461e-01
-2.986837690351980545e-01
-3.269829513264510545e-01
-3.706368985452516140e-01
-3.429596770211616463e-01
-5.702235604890314447e-01
-4.487734463532604412e-01
-5.993729404799361671e-01
-5.548369165009903181e-01
-5.206908993672856312e-01
-5.118844060290727027e-01
-5.202599543731922793e-01
-5.255819663422051091e-01
-6.359772871694436835e-01
-5.408144197404249898e-01
-6.446831098126314386e-01
-5.494202575078170891e-01
-4.499170329784181743e-01
-3.337224477674128331e-01
-3.474537234177246248e-01
-3.648441833828812708e-01
-2.157068337002610303e-01
-6.504182980582703943e-02
-1.008307814775909056e-01
-6.181041343639458868e-02
-1.743200907162620050e-01
-3.209984562954091292e-01
-1.890514886067975742e-01
-4.621607789510043807e-01
-2.688858394725401890e-01
-2.927447758793623178e-01
-3.551038076995645665e-01
-4.147273621620615192e-01
-4.666220985634365048e-01
-6.247730347084334834e-01
-5.285551954439334787e-01
-6.388014123244961651e-01
-6.138554101950227659e-01
-7.400267662371362576e-01
-5.814706122677373301e-01
-6.611417002314715630e-01
-4.683167458757874768e-01
-4.458274654437298645e-01
-4.806344880453396473e-01
-5.393697989421889494e-01
-4.885806226772618777e-01
-5.355265448981432197e-01
-6.948593597794148202e-01
-5.191207072457235672e-01
-4.729511004258631357e-01
-4.012019373998417793e-01
-3.168801553565807616e-01
-3.850352634486277625e-01
-4.811799587006018730e-01
-5.016359864920278966e-01
-4.462688061832253972e-01
-4.508962577139766226e-01
-5.200561508610883621e-01
-5.287393971835623319e-01
-4.953135007109918941e-01
-4.552416688017776880e-01
-4.478714801129461409e-01
-5.039671528258882205e-01
-5.574825785821935220e-01
-6.581839422271383855e-01
-5.599180654601663143e-01
-5.847501288654208818e-01
-6.571244530768022285e-01
-5.677917052476665338e-01
-6.507395992528159923e-01
-6.093674428712105851e-01
-5.706250099517884422e-01
-5.625777533432972932e-01
-5.859233629223934425e-01
-5.915540956513074544e-01
-7.409842175339066417e-01
-5.787343611846260671e-01
-7.278818798719886018e-01
-7.158260836789391846e-01
-5.809255926986039986e-01
-4.578891088879255555e-01
-6.001288640277306907e-01
-6.363554841024856579e-01
-4.856335878281373142e-01
-5.996751008631377999e-01
-5.637032604451036599e-01
-3.973768749930166599e-01
-4.714112891422934659e-01
-4.709606909212622483e-01
-5.353098528203061868e-01
-4.996703159761642921e-01
-5.475398753859244128e-01
-6.261887291086576379e-01
-6.049181902591107551e-01
-8.033211441253494955e-01
-7.084439573572572924e-01
-6.257952956056374028e-01
-5.028387886067485768e-01
-6.211223359700621671e-01
-6.966477636268830764e-01
-5.910807350771509761e-01
-6.352578320454359551e-01
-6.422956576618555902e-01
-7.046736042122961896e-01
-5.025389452741622076e-01
-5.656284357097397519e-01
-7.216899525722164643e-01
-5.859907934408881136e-01
-6.366609071250066698e-01
-6.490052602139516624e-01
-5.803102248009821551e-01
-6.023333098807301944e-01
-4.748466400085967209e-01
-6.429188977680612149e-01
-8.776320186093898856e-01
-5.899596189224467491e-01
-3.656644410717326266e-01
-5.206348947574501729e-01
-7.556941946036384028e-01
-6.170694153004829818e-01
-6.302712593000509012e-01
-5.266911101141883433e-01
-6.577223084110581652e-01
-5.842622589777103359e-01
-4.818921268669436597e-01
-5.807310894091800568e-01
-6.014137161874560933e-01
-6.939486736333814187e-01
-5.822783153613131368e-01
-4.881970871801098455e-01
-5.802427760701101001e-01
-5.535586734130195641e-01
-6.415815230711882089e-01
-5.509557865568457391e-01
-6.064467021157201598e-01
-7.018697003013848468e-01
-5.900212671795781461e-01
-5.884216890759449425e-01
-7.007293511750116721e-01
-5.747886621367472859e-01
-6.852928458419805802e-01
-5.795980884579731152e-01
-6.629111105860728825e-01
-6.053764366383704854e-01
-5.653238586788463804e-01
-5.921374365164404630e-01
-5.753124143116642442e-01
-6.286014624272030504e-01
-4.629995231422692759e-01
-5.100269589224799560e-01
-4.529866112848320303e-01
-5.891574973963755735e-01
-5.086317405700069294e-01
-5.457625178657794507e-01
-5.259815964621875617e-01
-5.717675975904140673e-01
-5.208217113974277224e-01
-5.589856331499324371e-01
-5.264790997813922901e-01
-5.463295294724085371e-01
-6.335120587577801610e-01
-5.845089326948574859e-01
-7.478397246102330698e-01
-5.658639746674017923e-01
-6.976153184886034753e-01
-6.050465727256335580e-01
-5.869829863570096284e-01
-6.508494856693050057e-01
-5.548867577070998314e-01
-6.586940445612342598e-01
-4.608960447624131374e-01
-6.161737837269629647e-01
-5.592313099809044230e-01
-5.491383429942077177e-01
-6.718251231431134896e-01
-5.816802289369624734e-01
-4.963299742002205139e-01
-7.535276787990268232e-01
